1 1.52056
2 0.760282
3 0.506854
4 0.380141
5 0.304113
6 0.253427
7 0.217223
8 0.19007
9 0.168951
10 0.152056
11 0.138233
12 0.126714
13 0.116966
14 0.108612
15 0.101371
16 0.0950352
17 0.0894449
18 0.0844757
19 0.0800296
20 0.0760282
21 0.0724078
22 0.0691165
23 0.0661114
24 0.0633568
25 0.0608225
26 0.0584832
27 0.0563172
28 0.0543058
29 0.0524332
30 0.0506854
31 0.0490504
32 0.0475176
33 0.0460777
34 0.0447224
35 0.0434447
36 0.0422379
37 0.0410963
38 0.0400148
39 0.0389888
40 0.0380141
41 0.0370869
42 0.0362039
43 0.0353619
44 0.0345583
45 0.0337903
46 0.0330557
47 0.0323524
48 0.0316784
49 0.0310319
50 0.0304113
51 0.029815
52 0.0292416
53 0.0286899
54 0.0281586
55 0.0276466
56 0.0271529
57 0.0266765
58 0.0262166
59 0.0257723
60 0.0253427
61 0.0249273
62 0.0245252
63 0.0241359
64 0.0237588
65 0.0233933
66 0.0230388
67 0.022695
68 0.0223612
69 0.0220371
70 0.0217223
71 0.0214164
72 0.0211189
73 0.0208296
74 0.0205482
75 0.0202742
76 0.0200074
77 0.0197476
78 0.0194944
79 0.0192476
80 0.019007
81 0.0187724
82 0.0185435
83 0.01832
84 0.0181019
85 0.017889
86 0.017681
87 0.0174777
88 0.0172791
89 0.017085
90 0.0168951
91 0.0167095
92 0.0165279
93 0.0163501
94 0.0161762
95 0.0160059
96 0.0158392
97 0.0156759
98 0.015516
99 0.0153592
100 0.0152056
101 0.0150551
102 0.0149075
103 0.0147627
104 0.0146208
105 0.0144816
106 0.0143449
107 0.0142109
108 0.0140793
109 0.0139501
110 0.0138233
111 0.0136988
112 0.0135765
113 0.0134563
114 0.0133383
115 0.0132223
116 0.0131083
117 0.0129963
118 0.0128861
119 0.0127778
120 0.0126714
121 0.0125666
122 0.0124636
123 0.0123623
124 0.0122626
125 0.0121645
126 0.012068
127 0.0119729
128 0.0118794
129 0.0117873
130 0.0116966
131 0.0116074
132 0.0115194
133 0.0114328
134 0.0113475
135 0.0112634
136 0.0111806
137 0.011099
138 0.0110186
139 0.0109393
140 0.0108612
141 0.0107841
142 0.0107082
143 0.0106333
144 0.0105595
145 0.0104866
146 0.0104148
147 0.010344
148 0.0102741
149 0.0102051
150 0.0101371
151 0.01007
152 0.0100037
153 0.00993832
154 0.00987379
155 0.00981008
156 0.0097472
157 0.00968512
158 0.00962382
159 0.00956329
160 0.00950352
161 0.00944449
162 0.00938619
163 0.00932861
164 0.00927173
165 0.00921553
166 0.00916002
167 0.00910517
168 0.00905097
169 0.00899742
170 0.00894449
171 0.00889218
172 0.00884048
173 0.00878938
174 0.00873887
175 0.00868893
176 0.00863956
177 0.00859075
178 0.00854249
179 0.00849477
180 0.00844757
181 0.0084009
182 0.00835474
183 0.00830909
184 0.00826393
185 0.00821926
186 0.00817507
187 0.00813135
188 0.0080881
189 0.00804531
190 0.00800296
191 0.00796106
192 0.0079196
193 0.00787857
194 0.00783795
195 0.00779776
196 0.00775798
197 0.00771859
198 0.00767961
199 0.00764102
200 0.00760282
201 0.00756499
202 0.00752754
203 0.00749046
204 0.00745374
205 0.00741738
206 0.00738137
207 0.00734572
208 0.0073104
209 0.00727542
210 0.00724078
211 0.00720646
212 0.00717247
213 0.00713879
214 0.00710544
215 0.00707239
216 0.00703964
217 0.0070072
218 0.00697506
219 0.00694321
220 0.00691165
221 0.00688038
222 0.00684938
223 0.00681867
224 0.00678823
225 0.00675806
226 0.00672816
227 0.00669852
228 0.00666914
229 0.00664001
230 0.00661114
231 0.00658252
232 0.00655415
233 0.00652602
234 0.00649813
235 0.00647048
236 0.00644306
237 0.00641588
238 0.00638892
239 0.00636219
240 0.00633568
241 0.00630939
242 0.00628332
243 0.00625746
244 0.00623182
245 0.00620638
246 0.00618115
247 0.00615613
248 0.0061313
249 0.00610668
250 0.00608225
251 0.00605802
252 0.00603398
253 0.00601013
254 0.00598647
255 0.00596299
256 0.0059397
257 0.00591659
258 0.00589366
259 0.0058709
260 0.00584832
261 0.00582591
262 0.00580368
263 0.00578161
264 0.00575971
265 0.00573797
266 0.0057164
267 0.00569499
268 0.00567374
269 0.00565265
270 0.00563172
271 0.00561093
272 0.00559031
273 0.00556983
274 0.0055495
275 0.00552932
276 0.00550929
277 0.0054894
278 0.00546965
279 0.00545005
280 0.00543058
281 0.00541126
282 0.00539207
283 0.00537301
284 0.0053541
285 0.00533531
286 0.00531665
287 0.00529813
288 0.00527973
289 0.00526146
290 0.00524332
291 0.0052253
292 0.00520741
293 0.00518964
294 0.00517198
295 0.00515445
296 0.00513704
297 0.00511974
298 0.00510256
299 0.0050855
300 0.00506854
301 0.0050517
302 0.00503498
303 0.00501836
304 0.00500185
305 0.00498545
306 0.00496916
307 0.00495297
308 0.00493689
309 0.00492092
310 0.00490504
311 0.00488927
312 0.0048736
313 0.00485803
314 0.00484256
315 0.00482718
316 0.00481191
317 0.00479673
318 0.00478165
319 0.00476666
320 0.00475176
321 0.00473696
322 0.00472225
323 0.00470763
324 0.0046931
325 0.00467866
326 0.0046643
327 0.00465004
328 0.00463586
329 0.00462177
330 0.00460777
331 0.00459385
332 0.00458001
333 0.00456626
334 0.00455258
335 0.00453899
336 0.00452549
337 0.00451206
338 0.00449871
339 0.00448544
340 0.00447224
341 0.00445913
342 0.00444609
343 0.00443313
344 0.00442024
345 0.00440743
346 0.00439469
347 0.00438203
348 0.00436943
349 0.00435691
350 0.00434447
351 0.00433209
352 0.00431978
353 0.00430754
354 0.00429538
355 0.00428328
356 0.00427124
357 0.00425928
358 0.00424738
359 0.00423555
360 0.00422379
361 0.00421209
362 0.00420045
363 0.00418888
364 0.00417737
365 0.00416593
366 0.00415454
367 0.00414322
368 0.00413197
369 0.00412077
370 0.00410963
371 0.00409855
372 0.00408754
373 0.00407658
374 0.00406568
375 0.00405484
376 0.00404405
377 0.00403332
378 0.00402265
379 0.00401204
380 0.00400148
381 0.00399098
382 0.00398053
383 0.00397014
384 0.0039598
385 0.00394951
386 0.00393928
387 0.0039291
388 0.00391898
389 0.0039089
390 0.00389888
391 0.00388891
392 0.00387899
393 0.00386912
394 0.0038593
395 0.00384953
396 0.00383981
397 0.00383013
398 0.00382051
399 0.00381094
400 0.00380141
401 0.00379193
402 0.0037825
403 0.00377311
404 0.00376377
405 0.00375448
406 0.00374523
407 0.00373603
408 0.00372687
409 0.00371776
410 0.00370869
411 0.00369967
412 0.00369069
413 0.00368175
414 0.00367286
415 0.00366401
416 0.0036552
417 0.00364643
418 0.00363771
419 0.00362903
420 0.00362039
421 0.00361179
422 0.00360323
423 0.00359471
424 0.00358623
425 0.0035778
426 0.0035694
427 0.00356104
428 0.00355272
429 0.00354444
430 0.00353619
431 0.00352799
432 0.00351982
433 0.00351169
434 0.0035036
435 0.00349555
436 0.00348753
437 0.00347955
438 0.00347161
439 0.0034637
440 0.00345583
441 0.00344799
442 0.00344019
443 0.00343242
444 0.00342469
445 0.003417
446 0.00340933
447 0.00340171
448 0.00339411
449 0.00338655
450 0.00337903
451 0.00337154
452 0.00336408
453 0.00335665
454 0.00334926
455 0.0033419
456 0.00333457
457 0.00332727
458 0.00332001
459 0.00331277
460 0.00330557
461 0.0032984
462 0.00329126
463 0.00328415
464 0.00327708
465 0.00327003
466 0.00326301
467 0.00325602
468 0.00324907
469 0.00324214
470 0.00323524
471 0.00322837
472 0.00322153
473 0.00321472
474 0.00320794
475 0.00320119
476 0.00319446
477 0.00318776
478 0.00318109
479 0.00317445
480 0.00316784
481 0.00316125
482 0.0031547
483 0.00314816
484 0.00314166
485 0.00313518
486 0.00312873
487 0.00312231
488 0.00311591
489 0.00310954
490 0.00310319
491 0.00309687
492 0.00309058
493 0.00308431
494 0.00307806
495 0.00307184
496 0.00306565
497 0.00305948
498 0.00305334
499 0.00304722
500 0.00304113
501 0.00303506
502 0.00302901
503 0.00302299
504 0.00301699
505 0.00301102
506 0.00300507
507 0.00299914
508 0.00299323
509 0.00298735
510 0.0029815
511 0.00297566
512 0.00296985
513 0.00296406
514 0.00295829
515 0.00295255
516 0.00294683
517 0.00294113
518 0.00293545
519 0.00292979
520 0.00292416
521 0.00291855
522 0.00291296
523 0.00290739
524 0.00290184
525 0.00289631
526 0.0028908
527 0.00288532
528 0.00287985
529 0.00287441
530 0.00286899
531 0.00286358
532 0.0028582
533 0.00285284
534 0.0028475
535 0.00284217
536 0.00283687
537 0.00283159
538 0.00282633
539 0.00282108
540 0.00281586
541 0.00281065
542 0.00280547
543 0.0028003
544 0.00279515
545 0.00279002
546 0.00278491
547 0.00277982
548 0.00277475
549 0.0027697
550 0.00276466
551 0.00275964
552 0.00275464
553 0.00274966
554 0.0027447
555 0.00273975
556 0.00273483
557 0.00272992
558 0.00272502
559 0.00272015
560 0.00271529
561 0.00271045
562 0.00270563
563 0.00270082
564 0.00269603
565 0.00269126
566 0.00268651
567 0.00268177
568 0.00267705
569 0.00267234
570 0.00266765
571 0.00266298
572 0.00265833
573 0.00265369
574 0.00264906
575 0.00264446
576 0.00263987
577 0.00263529
578 0.00263073
579 0.00262619
580 0.00262166
581 0.00261715
582 0.00261265
583 0.00260817
584 0.0026037
585 0.00259925
586 0.00259482
587 0.0025904
588 0.00258599
589 0.0025816
590 0.00257723
591 0.00257286
592 0.00256852
593 0.00256419
594 0.00255987
595 0.00255557
596 0.00255128
597 0.00254701
598 0.00254275
599 0.0025385
600 0.00253427
601 0.00253006
602 0.00252585
603 0.00252166
604 0.00251749
605 0.00251333
606 0.00250918
607 0.00250505
608 0.00250093
609 0.00249682
610 0.00249273
611 0.00248865
612 0.00248458
613 0.00248053
614 0.00247649
615 0.00247246
616 0.00246845
617 0.00246445
618 0.00246046
619 0.00245648
620 0.00245252
621 0.00244857
622 0.00244464
623 0.00244071
624 0.0024368
625 0.0024329
626 0.00242901
627 0.00242514
628 0.00242128
629 0.00241743
630 0.00241359
631 0.00240977
632 0.00240595
633 0.00240215
634 0.00239836
635 0.00239459
636 0.00239082
637 0.00238707
638 0.00238333
639 0.0023796
640 0.00237588
641 0.00237217
642 0.00236848
643 0.00236479
644 0.00236112
645 0.00235746
646 0.00235381
647 0.00235017
648 0.00234655
649 0.00234293
650 0.00233933
651 0.00233573
652 0.00233215
653 0.00232858
654 0.00232502
655 0.00232147
656 0.00231793
657 0.0023144
658 0.00231089
659 0.00230738
660 0.00230388
661 0.0023004
662 0.00229692
663 0.00229346
664 0.00229
665 0.00228656
666 0.00228313
667 0.0022797
668 0.00227629
669 0.00227289
670 0.0022695
671 0.00226611
672 0.00226274
673 0.00225938
674 0.00225603
675 0.00225269
676 0.00224935
677 0.00224603
678 0.00224272
679 0.00223942
680 0.00223612
681 0.00223284
682 0.00222956
683 0.0022263
684 0.00222305
685 0.0022198
686 0.00221656
687 0.00221334
688 0.00221012
689 0.00220691
690 0.00220371
691 0.00220053
692 0.00219735
693 0.00219417
694 0.00219101
695 0.00218786
696 0.00218472
697 0.00218158
698 0.00217846
699 0.00217534
700 0.00217223
701 0.00216913
702 0.00216604
703 0.00216296
704 0.00215989
705 0.00215683
706 0.00215377
707 0.00215073
708 0.00214769
709 0.00214466
710 0.00214164
711 0.00213863
712 0.00213562
713 0.00213263
714 0.00212964
715 0.00212666
716 0.00212369
717 0.00212073
718 0.00211778
719 0.00211483
720 0.00211189
721 0.00210896
722 0.00210604
723 0.00210313
724 0.00210023
725 0.00209733
726 0.00209444
727 0.00209156
728 0.00208869
729 0.00208582
730 0.00208296
731 0.00208011
732 0.00207727
733 0.00207444
734 0.00207161
735 0.00206879
736 0.00206598
737 0.00206318
738 0.00206038
739 0.0020576
740 0.00205482
741 0.00205204
742 0.00204928
743 0.00204652
744 0.00204377
745 0.00204102
746 0.00203829
747 0.00203556
748 0.00203284
749 0.00203012
750 0.00202742
751 0.00202472
752 0.00202203
753 0.00201934
754 0.00201666
755 0.00201399
756 0.00201133
757 0.00200867
758 0.00200602
759 0.00200338
760 0.00200074
761 0.00199811
762 0.00199549
763 0.00199287
764 0.00199027
765 0.00198766
766 0.00198507
767 0.00198248
768 0.0019799
769 0.00197733
770 0.00197476
771 0.0019722
772 0.00196964
773 0.00196709
774 0.00196455
775 0.00196202
776 0.00195949
777 0.00195697
778 0.00195445
779 0.00195194
780 0.00194944
781 0.00194694
782 0.00194445
783 0.00194197
784 0.00193949
785 0.00193702
786 0.00193456
787 0.0019321
788 0.00192965
789 0.0019272
790 0.00192476
791 0.00192233
792 0.0019199
793 0.00191748
794 0.00191507
795 0.00191266
796 0.00191026
797 0.00190786
798 0.00190547
799 0.00190308
800 0.0019007
801 0.00189833
802 0.00189596
803 0.0018936
804 0.00189125
805 0.0018889
806 0.00188655
807 0.00188422
808 0.00188189
809 0.00187956
810 0.00187724
811 0.00187492
812 0.00187261
813 0.00187031
814 0.00186801
815 0.00186572
816 0.00186344
817 0.00186115
818 0.00185888
819 0.00185661
820 0.00185435
821 0.00185209
822 0.00184983
823 0.00184759
824 0.00184534
825 0.00184311
826 0.00184088
827 0.00183865
828 0.00183643
829 0.00183421
830 0.001832
831 0.0018298
832 0.0018276
833 0.00182541
834 0.00182322
835 0.00182103
836 0.00181886
837 0.00181668
838 0.00181451
839 0.00181235
840 0.00181019
841 0.00180804
842 0.00180589
843 0.00180375
844 0.00180162
845 0.00179948
846 0.00179736
847 0.00179523
848 0.00179312
849 0.001791
850 0.0017889
851 0.0017868
852 0.0017847
853 0.00178261
854 0.00178052
855 0.00177844
856 0.00177636
857 0.00177429
858 0.00177222
859 0.00177016
860 0.0017681
861 0.00176604
862 0.00176399
863 0.00176195
864 0.00175991
865 0.00175788
866 0.00175585
867 0.00175382
868 0.0017518
869 0.00174978
870 0.00174777
871 0.00174577
872 0.00174377
873 0.00174177
874 0.00173977
875 0.00173779
876 0.0017358
877 0.00173382
878 0.00173185
879 0.00172988
880 0.00172791
881 0.00172595
882 0.00172399
883 0.00172204
884 0.00172009
885 0.00171815
886 0.00171621
887 0.00171428
888 0.00171235
889 0.00171042
890 0.0017085
891 0.00170658
892 0.00170467
893 0.00170276
894 0.00170085
895 0.00169895
896 0.00169706
897 0.00169517
898 0.00169328
899 0.00169139
900 0.00168951
901 0.00168764
902 0.00168577
903 0.0016839
904 0.00168204
905 0.00168018
906 0.00167833
907 0.00167648
908 0.00167463
909 0.00167279
910 0.00167095
911 0.00166911
912 0.00166728
913 0.00166546
914 0.00166364
915 0.00166182
916 0.00166
917 0.00165819
918 0.00165639
919 0.00165458
920 0.00165279
921 0.00165099
922 0.0016492
923 0.00164741
924 0.00164563
925 0.00164385
926 0.00164208
927 0.00164031
928 0.00163854
929 0.00163677
930 0.00163501
931 0.00163326
932 0.00163151
933 0.00162976
934 0.00162801
935 0.00162627
936 0.00162453
937 0.0016228
938 0.00162107
939 0.00161934
940 0.00161762
941 0.0016159
942 0.00161419
943 0.00161247
944 0.00161077
945 0.00160906
946 0.00160736
947 0.00160566
948 0.00160397
949 0.00160228
950 0.00160059
951 0.00159891
952 0.00159723
953 0.00159555
954 0.00159388
955 0.00159221
956 0.00159055
957 0.00158889
958 0.00158723
959 0.00158557
960 0.00158392
961 0.00158227
962 0.00158063
963 0.00157899
964 0.00157735
965 0.00157571
966 0.00157408
967 0.00157245
968 0.00157083
969 0.00156921
970 0.00156759
971 0.00156598
972 0.00156437
973 0.00156276
974 0.00156115
975 0.00155955
976 0.00155795
977 0.00155636
978 0.00155477
979 0.00155318
980 0.0015516
981 0.00155001
982 0.00154843
983 0.00154686
984 0.00154529
985 0.00154372
986 0.00154215
987 0.00154059
988 0.00153903
989 0.00153748
990 0.00153592
991 0.00153437
992 0.00153283
993 0.00153128
994 0.00152974
995 0.0015282
996 0.00152667
997 0.00152514
998 0.00152361
999 0.00152209
